[
    55, 
    105, 
    323, 
    360, 
    645, 
    675, 
    765, 
    788, 
    912, 
    1003, 
    1168, 
    1232, 
    1368, 
    1371, 
    1382, 
    1384, 
    1390, 
    1391, 
    1394, 
    1396, 
    1400, 
    1405, 
    1407, 
    1409, 
    1417, 
    1421, 
    1422, 
    1428, 
    1435, 
    1441, 
    1442, 
    1446, 
    1449, 
    1452, 
    1461, 
    1463, 
    1465, 
    1466, 
    1479, 
    1485, 
    1490, 
    1493, 
    1495, 
    1503, 
    1504, 
    1506, 
    1516, 
    1518, 
    1519, 
    1526, 
    1532, 
    1536, 
    1539, 
    1546, 
    1550, 
    1551, 
    1556, 
    1563, 
    1564, 
    1565, 
    1567, 
    1572, 
    1576, 
    1583, 
    1584, 
    1588, 
    1589, 
    1590, 
    1597, 
    1599, 
    1600, 
    1604, 
    1612, 
    1615, 
    1627, 
    1637, 
    1640, 
    1641, 
    1643, 
    1650, 
    1666, 
    1667, 
    1669, 
    1677, 
    1680, 
    1687, 
    1688, 
    1689, 
    1694, 
    1698, 
    1699, 
    1707, 
    1713, 
    1718, 
    1719, 
    1721, 
    1727, 
    1728, 
    1731, 
    1733, 
    1735, 
    1740, 
    1742, 
    1745, 
    1749, 
    1751, 
    1754, 
    1757, 
    1759, 
    1761, 
    1763, 
    1767, 
    1768, 
    1770, 
    1771, 
    1774, 
    1780, 
    1781, 
    1783, 
    1784, 
    1788, 
    1789, 
    1795, 
    1798, 
    1799, 
    1801, 
    1802, 
    1812, 
    1814, 
    1823, 
    1825, 
    1826, 
    1828, 
    1831, 
    1832, 
    1837, 
    1838, 
    1842, 
    1848, 
    1852, 
    1854, 
    1862, 
    1864, 
    1865, 
    1868, 
    1871, 
    1873, 
    1876, 
    1877, 
    1881, 
    1883, 
    1884, 
    1890, 
    1891, 
    1892, 
    1894, 
    1895, 
    1904, 
    1906, 
    1909, 
    1914, 
    1916, 
    1917, 
    1919, 
    1920, 
    1928, 
    1929, 
    1933, 
    1942, 
    1946, 
    1948, 
    1949, 
    1953, 
    1958, 
    1959, 
    1961, 
    1963, 
    1966, 
    1968, 
    1969, 
    1970, 
    1971, 
    1973, 
    1974, 
    1975, 
    1978, 
    1983, 
    1985, 
    1986, 
    1988, 
    1989, 
    1990, 
    1991, 
    1994, 
    1995, 
    1999, 
    2000, 
    2004, 
    2005, 
    2008
]